reads	fraction_insertions
tdtko:
0	47.94
5	21.18
10	13.18
15	8.90
20	6.40
25	4.84
50	1.89

mandl-28:
0	94.03
5	29.30
10	11.37
15	5.08
20	2.46
25	1.27
50	0.13

mandl-30:
0	94.06
5	38.73
10	19.94
15	11.63
20	7.17
25	4.61
50	0.82

mandl-05:
0	93.99
5	33.70
10	15.70
15	8.59
20	5.03
25	3.15
50	0.48

mandl-06:
0	94.12
5	42.51
10	24.33
15	16.22
20	11.40
25	8.13
50	1.93

mandl-07:
0	94.29
5	39.41
10	20.10
15	11.39
20	6.71
25	4.09
50	0.54

Normal:
0	94.11
5	36.93
10	18.45
15	10.68
20	6.61
25	4.28
50	0.78
